Global variable settings for this experiment:
	lambda = 0.0010000000000000002
	mu = 1.0000000000000003E-4
