Global variable settings for this experiment:
	lambda = 1.0000000000000003E-4
	mu = 0.010000000000000002
